0.057000478512696406
1.276360124205024
1.8838867502741807
1.9901366015349156
1.2475737691717061
0.01953328725025191
-1.1407531788371081
-2.045469754199619
-2.0257761784285355
-1.271500189197702
0.0885632393227685
0.6269310312947373
0.8254806073661678
1.0425110587321391
0.518820679644124
0.04286104892963614
-0.6439113420107365
-0.8884499347798595
-0.8589035802866406
-0.635032554595937
0.1359563722959025
0.4437301270268107
0.8581709112358097
1.073497529708203
0.6557089053147263
0.13961173572599064
-0.47218293153208024
-1.0176766587330353
-0.87833620979835
-0.6322803656223623
0.1275054639946271
1.203237995506326
1.9546336298732998
1.883646257923158
1.2260950027061446
0.11804824194233673
-1.3124957484972015
-1.9167892378822133
-2.010771087470573
-1.1507990208070369
-0.06071458503688183
1.319997869630372
1.9444451418431925
1.9228759598008573
1.07895988350805
-0.020149562363046037
-1.1479866130684084
-1.8109171445869319
-1.938885692595856
-1.2605968225327928
-0.04877919459042506
1.148036018553917
1.7554438513292328
1.7620698545327753
1.2079244286576905
0.09996081376505273
-1.1180767483504201
-1.9205364200584474
-1.997584747777556
-1.1690711814079588
-0.13862451401863968
0.5219557069832094
0.9327966072358334
0.959243100638405
0.6574522553045491
0.08342319227690935
-0.4992327844728486
-0.992624521021866
-0.9026280837621599
-0.7213658811353327
-0.04916814890112216
1.1270880330445636
1.757445136782734
1.8236891943611262
1.2134988502438282
0.08319985078528332
-1.2922162524105738
-1.8006510577880297
-1.9122149964502368
-1.0767960502500102
-0.09820887838771612
0.6177349287527769
1.0142230514084396
0.9549856228095908
0.5752103459583633
-0.02867041181460922
-0.7288070555156818
-0.9146719357917877
-1.0021905576842478
-0.4959496503212072
-0.08852844306213344
0.5674493465066972
1.0202893315783204
0.8366136803914244
0.7331109167335463
0.08896588386448254
-0.543405282671384
-0.8412694676178497
-1.0062307753741535
-0.5836585528468565
-0.02102087685354022
1.0385706214451649
1.7668687398366538
2.0343167377995357
1.1276454946141998
-0.005244310185220194
-1.125848133469471
-1.837468922796015
-1.9287465068428384
-1.2547722474135399
-0.11017995634571195
0.5617549715601484
0.9925259653791748
0.8737077305385524
0.6757691158996353
0.06351249073434488
-0.5203734614064648
-0.8851331675454839
-1.0910914914533603
-0.52391654698368
-0.03255325881144905
0.6047300158069815
1.0288298646424638
1.0009038779194557
0.7093376434640061
-0.11492925926260082
-0.5167506542333622
-1.0075974782489237
-0.9664581915764449
-0.6062447740609036
-0.1444687650990522
1.028430866668265
1.8612320528150263
1.9277368138886541
1.0772812518170563
-0.11042073644316215
-1.0268279182984408
-1.798399556895318
-1.8868037984891952
-1.175180766792309
-0.02237619851704162
1.0528982823851993
1.785773663927508
1.8634854768610651
1.144494603639021
-0.14504255382070988
-1.1757112900257232
-1.99675646151226
-1.9483317174565968
-1.0907558917143514
0.061978885139492214
1.2665969365717842
1.9178045918402356
1.8867403839176118
1.0858437763729487
-0.08999296885565576
-1.1042082328135336
-1.794552200370847
-1.8300459033996184
-1.1504570059933892
0.08487333997408256
0.5775837920129663
0.8090328104849926
0.8191697574856422
0.5425637310337115
0.12730426579151563
-0.4438982478671025
-0.9827528465957805
-0.9019764199224994
-0.6234608706257636
0.137036132267613
1.0858246648454088
1.8455691270753922
1.7905938824453989
1.307078904596653
0.005818343214265771
-1.0348281981829694
-1.893508303113783
-1.8637951839826532
-1.199557111541226
0.13680865887044977
1.186666791964896
2.021373600064867
1.8747596703209546
1.1626346645603487
-0.06065889758326759
-1.2970141721204151
-2.0494450770550023
-1.9504554168862835
-1.1626188219807971
0.09793123379343908
0.5582588582401717
0.9995185243113522
0.8265753527701607
0.7102281458290491
0.03834057294174553
-0.6173649180741624
-1.0846907558016672
-1.032198681847715
-0.49824839417908595
-0.08247014716719933
1.2633847202101076
1.844766606301081
1.7732497701199557
1.1777021609106941
0.14088167656771858
-1.1039583403143218
-1.8838947879972112
-1.9161148308671017
-1.0620912149541346
-0.0026422905511514303
0.5543668831932724
1.035763623515378
1.0316368728573686
0.6295447448859932
-0.012942181794914277
-0.6729040311355274
-0.9606088946208551
-1.0986344303365088
-0.6953121807658815
-0.07723455262325003
0.5215850108746973
0.8017576055250344
0.8154721770178722
0.5234076738604919
-0.08736682861359389
-0.53627915977984
-0.9356449032188321
-1.1003437646250838
-0.5146947132284505
-0.015215372778248802
1.1064159224573509
1.8290322741336718
1.9532866582571593
1.1494727636191604
0.10178680698966641
-1.1605952026990698
-1.7552202217373865
-1.9477061709694625
-1.0833775442311744
0.13902734674488856
1.1492861616593502
1.9181513223094402
1.843257844771872
1.1646707105912328
0.03569027398933848
-1.116205682639318
-2.0205974431608946
-1.7993521974924955
-1.1641591567950504
0.12484337843205107
1.2603926749180057
2.043848962450192
1.860495275867943
1.1043956812862712
-0.1271164500371892
-1.3241783393738449
-1.817664691503659
-2.014148554566657
-1.0292453457668727
0.09143596066282285
0.48368077567363404
0.9948210736150903
0.8823045383448331
0.5138232208560014
-0.07120830329154064
-0.6450253134260753
-1.0499582425611085
-0.9703811476030917
-0.7103447070722183
-0.08294607225653447
1.0289671228665496
1.8834828812347886
1.8960031063256646
1.2536316596251473
-0.016159332034105068
-1.0967975572244801
-1.9501074737516448
-1.7603128106470707
-1.1444508699900815
0.10796316489542263
0.6013427340305976
1.0157601781644245
1.0771778709760487
0.7112912825798863
-0.02730430755589812
-0.4886230827374817
-0.9305289004952972
-1.001429968843814
-0.5577741692096196
-0.045588422318545666
0.45396461447533665
0.8260066941023116
0.814398377079247
0.728754441404154
-0.12259826165239117
-0.5432578001963374
-1.100637985790885
-1.0695468112507753
-0.6389027833394954
0.14128049881844074
1.078480814894217
1.9952455254100232
1.966599459546032
1.277700156116738
0.09387346082623065
-1.1136372622207795
-1.8092665442633278
-1.87240210950854
-1.0990625872315125
-0.01036862450379679
0.6713737290642146
0.941009514613442
0.836488029683426
0.6537304395527532
-0.05176073697641813
-0.5533189502295216
-1.0693109123203934
-0.8329862745430205
-0.6112891279397672
0.1170850287612551
1.206117683035796
1.7804710987612529
1.9096840364095968
1.1131394141161879
-0.08018569759611807
-1.1721980156953529
-1.925345040133844
-1.7703740683811453
-1.2282871018750732
-0.13822823109602314
0.7334459388016938
0.9177943778333064
0.8713173971885761
0.6173825958589801
-0.11997552105584142
-0.4893761670510276
-1.1004543393636026
-0.8990721358816166
-0.5625716579674247
-0.07810184795292666
1.0320201452385547
2.039430892845685
2.007926395819437
1.1068456816715964
0.12585694402067155
-1.1867249886750397
-2.0189364873351665
-1.7723943093169539
-1.1337250759725914
-0.14510157991118142
0.5698466705263304
1.0271945549296568
0.9660204501265295
0.671249941759714
0.1318078899883131
-0.5667284115275351
-0.8825892195850391
-0.9311421313858315
-0.6279345643570983
0.03716370554796312
0.5934801476883571
1.0974272351843304
0.8262802081741281
0.4804650804333729
-0.06209817824169564
-0.649596894652294
-0.8857054612868335
-0.8791530177022624
-0.5899673733345614
0.06759831243285584
0.5966409112240775
1.0086302462629415
0.9095866270767318
0.6778637618095305
-0.14245966332034668
-0.44851008394017366
-0.8293513631077601
-0.9966364903437934
-0.6026150476754039
0.08951204760341215
1.3036688297340777
1.8272974245895515
1.845456873706636
1.285962075240929
0.11134256680476108
-1.0533932994760622
-1.8718355826391524
-1.8332720612827407
-1.238111460929324
-0.059444003000919086
1.1764464090134326
1.9665979434171463
1.8277896768179163
1.0776584128344326
-0.07351018341963932
-1.0433469822810293
-1.946514849003235
-1.7997394599111527
-1.2153340943644817
-0.07859951517551966
1.1064169325994568
1.976526309628497
1.9826154310960071
1.2678199685660902
-0.10540673595086678
-1.2559966674701877
-1.7714943144866098
-2.051100304955389
-1.0830337722839016
-0.05468524966704149
0.7098446098293099
0.801567430596626
1.0908246631046934
0.4600449982743014
-0.010942490195834037
-0.5619448923072151
-1.0164414359038023
-0.8930888700941684
-0.5770894254113053
0.060350099982062665
1.279041026238214
1.797712044766913
1.9850370823805612
1.3245964032734823
0.13106444164179173
-1.2712808876088442
-1.9129026689574709
-1.9109464141193044
-1.062966683147605
0.09961686911658103
0.736633223445614
1.0057938766172758
0.9922327346068762
0.704285531370241
-0.09615915101559877
-0.45229176880771127
-0.8725881761761966
-0.9882813153239036
-0.5073932468711774
0.02477266419023695
1.1220597258439617
1.7558753747186187
1.758158324154403
1.2867781498586897
0.10461315133543188
-1.121960981451392
-2.01950986522155
-1.8881616782871695
-1.2777709430186472
-0.08199598755514238
1.1201058250833558
1.8983276474829465
1.8912705029923778
1.1133706894979432
0.0722876225005045
-1.319515530433673
-1.7629280635582651
-1.958383285655384
-1.2892068083935528
-0.04330457639498926
0.7333686193827407
0.9755214124925432
0.8915105433680603
0.6478767405945403
0.1492265408744611
-0.6446940180461347
-1.0915208399928207
-0.9977389402447038
-0.5416668595100969
-0.08302293274116594
1.0457375918278617
1.913293530185242
1.8890669345462228
1.320546303056959
0.13930154359199678
-1.3138093162038595
-1.881840646470679
-1.9230628271761292
-1.2644869286776221
-0.01198956111006687
0.5263457995514608
0.8123589879901119
0.8485345115012977
0.681595320476462
0.016963725395123752
-0.6564521393181434
-1.0747175915280693
-1.0037352589555195
-0.6121789804080828
0.06771583670476987
0.4988331502012123
1.0269409032877823
1.0973132788737514
0.5193708956751866
0.015015020823511133
-0.7236124373863052
-0.9942331115290373
-1.0778845341240946
-0.4764122468347727
-0.056640801090246023
1.2884771388455025
2.02982865948237
2.014160833427694
1.144367595146826
0.14902307806427306
-1.2473499339032101
-1.8500592699580671
-1.9477362870570554
-1.0606748717130967
-0.062088032309443056
0.5210383834040371
0.8599393531190771
0.985136438107114
0.5997632936230287
0.07331297597973384
-0.6317346032134741
-0.9861444780350306
-1.0521164025968657
-0.6327895722037532
0.10423822547081273
1.0857246077858833
1.8296381067979748
1.7787856332921044
1.2423518768512583
0.03005186541719092
-1.0782291051883064
-1.9179389944605525
-1.7977698855885567
-1.045368644576033
-0.07200084677965396
0.5336471816129081
0.8910461777846885
0.8137303852994477
0.6929279984883957
0.083295738500475
-0.4633271093289041
-0.9590656439314624
-1.0186790053675785
-0.7101222742038689
0.058823729196328306
1.0793116423287616
1.9722970753974705
1.8199709566925037
1.3088087990988726
-0.04146834798541305
-1.125471031591232
-1.9767265967610008
-1.7716533940894
-1.26115047682872
0.0811606255499062
0.45090048178535935
1.0916685715161507
0.8211067606072723
0.5810190039523097
-0.05798908618130278
-0.541244170066682
-0.9281151750638423
-0.9176287171623865
-0.6301566146482807
0.10998587179902888
0.5820068872747093
0.9547580475789113
0.9448006200657627
0.5535731502217456
0.1302151087204494
-0.6711319110249858
-0.9955170790490311
-0.9137398612306433
-0.5483825121308767
-0.07402717285474054
1.0981644523896439
2.0462252596806265
1.8386858238310042
1.187001588609677
-0.12020583058374251
-1.0890737386876521
-1.7607804360247838
-1.8633724044059032
-1.3126568859852539
0.02640439731990483
1.2235260904062686
1.7809381996616973
1.8510772279741812
1.0656540402175825
0.10790793802475844
-1.0866871692328723
-1.8797990712223835
-1.9475721431459652
-1.1729219893786742
0.036921013443391555
0.5171074711137704
0.9065740326968504
1.0635337634646005
0.5855361769042139
0.05592704580075816
-0.6679019878333353
-0.9783284871146839
-0.952902968509124
-0.654383664772829
-0.05547796958586146
1.196455609721058
1.810138256562321
2.0463749257575294
1.0449117279279574
0.08229532774760154
-1.2327346459567177
-1.8533373742637727
-1.7893559495050029
-1.0305949159074668
0.13124284636914207
1.110405662541646
1.9147166425000919
1.797702986831414
1.282739758486948
0.0076091949768147095
-1.127663684865826
-1.8768184129083396
-1.8101977041711645
-1.1586527458567177
0.0077441295306440415
0.5164040731542457
0.9789664754260945
0.9563899094108753
0.5037819342692321
-0.07988701235310319
-0.5001066256198174
-1.0912493923843676
-1.0680611451190485
-0.49788430841458026
-0.1369517787558363
0.6243410537093114
1.0891367453962628
0.9025957441565222
0.7109923398844846
0.06813223219474297
-0.5209104278540295
-0.8917330709917191
-0.8771401173935043
-0.7183814090837695
0.06132191283082978
0.5757284055679419
0.970133026457261
0.824727730482121
0.6249324448752416
0.14406866423813453
-0.6499459552249707
-0.9080702482889053
-1.0145076813732794
-0.5351580587069892
-0.11506330220108396
1.0338282862746135
1.836766726085453
1.9250638367824515
1.09703294776132
0.13254393757290986
-1.1386605409850956
-1.7982182839310206
-1.7832969489782706
-1.1509517399585691
-0.04071209296723296
1.137207485450324
2.0142838481732084
1.7928316264918687
1.2436483128369566
0.006172315846935912
-1.2975923064633281
-1.9821845210217992
-1.941859966318832
-1.162951578418902
0.14982710180538023
0.5085140456759348
1.0006860713390278
0.851573165262117
0.47267824417248716
-0.11222318540333907
-0.5844195228325768
-1.094973832876419
-0.855215467566271
-0.4418922707526588
-0.09771016292090987
1.0390406604356965
1.7994881055385756
2.0200436880187507
1.0528855158130235
0.033134898919492006
-1.15126814331911
-1.817486263467958
-2.0054804271403395
-1.1692235026853102
-0.06060449282677912
1.1168673441995083
1.9511585661230857
1.7888715630085683
1.2478564949080835
-0.11791474672702243
-1.1516307765061344
-1.9366448931731273
-1.8441376653525043
-1.17878467457012
-0.05972351022527003
1.0594749863626234
1.7793233654465563
1.9610492155020227
1.2544256249013876
-0.04718364189721453
-1.263782106890508
-1.906919629868961
-1.9528635160446335
-1.152050702152759
-0.07894737140485995
1.0273959217355517
1.960429512878345
1.9939973533392836
1.077525011844857
0.0133624660508273
-1.066550148088533
-1.8559020166209836
-1.7726092726249512
-1.0463319933371278
0.041722066014749114
0.4821300539085616
0.8282142595854907
1.0125621440135233
0.6513145528410376
-0.07396021723309588
-0.5609612345414958
-1.0628332228815465
-0.8581909131306524
-0.48809494638798345
-0.12205632702684688
0.6590720313992661
0.895982439692888
0.9075160309174669
0.6119686775879865
-0.08511660038452623
-0.4969365890156415
-1.0494494532531564
-0.8687395216845394
-0.4810389778836195
0.04707650539612085
1.2880134076569247
2.025448026939585
2.0171858124714284
1.1438182493732907
-0.0775963412993882
-1.2203357245802733
-1.9044009163438198
-1.9383502048544576
-1.0857053965682693
-0.14807878671534744
0.49301660096735667
0.8521468171289186
0.8767701568361819
0.5751608784805098
0.04449048416595253
-0.6886396785597336
-0.8563152793563245
-0.8866756309722084
-0.4898641949681808
0.07016234629574351
1.3154645803578977
1.889909446578766
2.005055517935316
1.1000377135397637
-0.025250297484365674
-1.282360145674824
-1.875676286391649
-1.8021872179488776
-1.077395269881556
-0.07334689853927512
0.5997102682980593
1.0131921109336448
0.9765663115177478
0.4794703562422355
0.03290487196950437
-0.7323392792386287
-0.9526435638968106
-0.9090584982387707
-0.4689660270055802
0.013226944241667215
1.1906814347749375
2.0194112901678816
1.7937947661844784
1.3149493684563838
0.018041601979388686
-1.1289275324390375
-1.7995428273082954
-1.8044182111764158
-1.0377977881265286
-0.08901094789432612
1.2421008760706946
2.00878278630819
1.9836290696531562
1.2380046181441553
0.06168027489370362
-1.1712598925976228
-1.9498082671341745
-1.9487527509618565
-1.048691064594961
0.03208387871926399
1.1150572763813391
1.9728547078871068
1.979374688699127
1.1002454521551701
0.11805704946038396
-1.1362518125802035
-1.8062314225291038
-1.777841733736365
-1.3148787670046513
0.09126030615439265
0.5119438795959459
1.064061737913802
1.097671868218744
0.43787834432201206
0.056133806732138226
-0.6779974953470944
-0.9975484401779406
-0.8118576819684477
-0.6846583759653624
0.05836648967929288
0.455709712910884
0.8936174014621538
0.9317956747163622
0.734411196874618
0.07037670920233241
-0.6801684741581707
-0.9730355070613823
-0.9987714342003362
-0.4782102563559161
0.08060343403307721
1.076402621598245
1.9886442028851223
1.9320508390871303
1.0485500330247193
-0.12122061207050654
-1.2973424292808893
-1.9568997624072388
-2.043444163985999
-1.1906326933910034
0.00918812738752186
0.4407703739642165
1.059872918564631
0.9891872653218644
0.7149359641991785
-0.10683274494713395
-0.4585384806074684
-1.0887461680603028
-0.9178469538485932
-0.4998160731309036
0.14790332755958316
1.2055276285483716
1.8351606617929495
2.0425649906333003
1.2659485471744658
0.03109393361578744
-1.077749173190678
-1.7896716652766347
-1.7642135479982832
-1.3222048885637285
0.028773616899636926
0.45709729969872664
0.8138678687343263
0.9375747484816725
0.45049865993700683
-0.046954916721702246
-0.5371644881078539
-0.8689645932152004
-0.8048301186573293
-0.4509744913482806
0.024832883332040458
0.6236644934316422
0.9727459850010628
0.8190974983654647
0.5406527253700468
-0.06991185617462743
-0.6197868610031938
-1.035977581382422
-0.910602865634391
-0.6033004015162888
0.14796927348152722
1.3148111565323632
1.9476865769256733
1.8861869943565153
1.196099743723051
0.06401314095812594
-1.0555292026308454
-1.8511167724047013
-2.0282697034716466
-1.173157007781327
0.05082256038852626
1.30289869084665
1.980814158584292
1.8832999887230952
1.215503402937347
-0.03649799098616775
-1.1367011684485415
-1.869891805875946
-1.7797646099671554
-1.033388327805762
-0.04118345661246246
1.172163749894063
1.8664977884704743
1.875660384668273
1.2959788861230523
-0.1412784554789766
-1.0552238068268742
-1.9843951120077157
-1.873492508933356
-1.105349467266645
0.03260003055343075
0.733951714263233
0.8314457061657683
0.8288692354585425
0.6563073890036388
0.08855511422807567
-0.6943834148613107
-1.0572156205034566
-0.8686479240393725
-0.715299368074414
-0.10256975882310916
1.3131072093715164
1.8496428909713745
2.0089614453983207
1.0895715198236613
-0.0985584649274676
-1.2291809440661796
-1.9891681251718358
-1.9017269989503232
-1.0589189881454242
0.09733307987231148
0.4441131424673932
0.8302680114247469
1.0650748564755013
0.5835973657128647
-0.061966844203141386
-0.6441781555489243
-1.0517605669706132
-0.8939272031197714
-0.7002549754972102
0.08108711346091849
1.2285080295781683
1.7783420600946305
1.9140547960739547
1.0432372021134164
0.0443480107796437
-1.0542943099792996
-2.0455554706142536
-1.8606436460827254
-1.1292465338330082
-0.09833543805573307
0.5516480904637273
0.9659713599699462
1.0718145371651011
0.5574966038927086
0.044769113408946924
-0.5360803224173538
-0.8725845077242682
-0.9715984950186285
-0.5321727821314941
-0.07408621810280551
0.5697668389332663
0.8048492184645825
1.0233646808170875
0.5906480811504831
0.09391044073000908
-0.5766999618528301
-1.0216640207873597
-0.9262241846299117
-0.5949271364720026
-0.04347808490055689
0.6544488246191629
1.0734838777576727
1.0465030865381186
0.7155037224472028
-0.029737646375763
-0.6747086180719203
-0.8903451605304693
-1.0608783704144515
-0.6589435278096811
-0.09802273342684918
1.1053722371731347
2.0253167299911814
2.019310178490241
1.0553726895164368
0.06617541822552515
-1.2164428131630585
-1.9997930072771468
-1.8174952926031536
-1.2540263407733845
0.04455024234450019
1.3083404442543387
1.9088470693307338
2.011066925523995
1.1179308419145941
0.07163762911867799
-1.2704001481457985
-2.0187682521767396
-1.858471626141012
-1.0361758191787536
-0.09336717977342864
1.2358643910531666
1.8657201407070731
2.0122317093309876
1.2697705827496717
0.09188158724276267
-1.2954140297567702
-2.0177630640390882
-1.9765388100401413
-1.2080303506044459
-0.12125875213796904
0.44819989449846964
1.0126829506893165
0.8867104849788862
0.6605656471924917
0.013114813635348907
-0.719890571100899
-0.9044755941355257
-0.9666274915014972
-0.4404658807144426
0.10442676620603533
0.5720365300572591
1.0951748857549684
0.9174826518313716
0.4940353665032084
-0.0495490498323409
-0.7005677045174736
-1.0259742788644055
-0.8610513532473381
-0.4597098890834127
0.010163829086535712
1.2413320107056207
1.8140173101167016
2.0097350556230613
1.3076121612293374
0.014098150535973344
-1.2123414415969944
-1.7947172707917556
-2.023426880199425
-1.1892801880443642
0.12271205327823424
1.2448198438043703
1.8206907494107198
1.917272322162849
1.045961446553259
0.07095402801059418
-1.1589191082353252
-2.0300078833226722
-1.9395664611867585
-1.1898110925067698
0.03760934998994877
1.3137024819186645
1.9549295428898752
1.8016018096054853
1.304349465783833
0.05261246125434732
-1.1977312954726305
-1.8766367353548552
-1.805847713022368
-1.066113448299123
-0.0963809223598152
0.7230441442184556
1.0530905178074357
1.0252749482325876
0.6337345550938879
-0.08448086865369098
-0.6917664732452757
-0.9938015841069234
-0.8497766294962096
-0.4530823595419351
-0.11132253535072868
1.0879013291884263
1.7798579084865853
1.981416311358139
1.1735907849223346
0.01540358693331393
-1.2497176488599893
-1.856953771371809
-2.0452842254672734
-1.2626374696776894
0.08664848339472517
1.055881137464909
1.7894761013545017
1.8465782170163534
1.1940418768761951
0.08307766508998057
-1.1148189527015226
-1.8907447715930494
-1.842926681434802
-1.1778460011762213
-0.06192012119337386
0.732459809094051
1.0739764312885034
0.9378495761575832
0.7313063012268142
0.06578612205508895
-0.6781149864742722
-0.9270135836607054
-1.0183287844091329
-0.690670968672215
-0.1008937312335672
1.175196080010954
1.8647716027400705
1.8888552144687953
1.1539685904032468
-0.061449827857627155
-1.2516984481204207
-1.8584689465825996
-1.886401508924577
-1.282875952823161
-0.043695411520836155
1.290633556295619
1.7858858628116818
1.87119203286881
1.1603711930172738
0.13025590939533802
-1.2850372900931841
-1.8436533986344654
-2.0300146043298364
-1.0291096989866324
-0.12062986763862386
0.6474834177081981
0.808342994181604
0.8356129234530623
0.6793742791200564
0.09961298956035283
-0.45067395172934144
-0.8458165980625357
-1.055662579827044
-0.6133840189781163
-0.05122916949245541
0.4806680004461286
0.931698843211485
1.0453379823941873
0.6890901458508589
-0.05315154043047712
-0.6082640309197027
-0.8211756227609732
-1.0365088076630162
-0.5017488334954175
0.11085011782693002
1.2270363652104561
1.8207632926243378
1.9609067189639071
1.1944303491845973
-0.013659995502089605
-1.255824605709678
-1.861125725478737
-2.030045192217701
-1.325454907061222
0.08843084107124949
0.5592961399387052
0.9402225781172018
0.8115486555010017
0.5184914870086523
-0.1472760136515901
-0.5583587079456497
-0.8257079751526853
-0.9562000712910982
-0.7248106593772565
-0.02384226502124557
1.2024956973040686
1.8559241600168925
1.9797793850490848
1.2181804379297536
-0.06979490568787843
-1.217169090076462
-1.901612384753631
-1.7872981175300198
-1.2314003075933788
0.04352747903485073
0.4756961850756636
1.012641793596099
1.0841644109705595
0.44475929925278984
-0.11964652727660037
-0.7228561016941744
-0.9645663727664883
-0.8995117722299664
-0.4539630815755056
0.07678575089379176
1.0958557046941375
1.8407367596460453
1.8317023953089766
1.178960729629827
0.14495317370715433
-1.1432711712521293
-1.9417743282644278
-1.7786415295822475
-1.2295947694800244
0.12711493429391982
1.0635887716726726
1.7622710782222921
1.763654651539344
1.243636140822094
-0.13176163619474243
-1.105059145319496
-1.8530044840738702
-1.7660457904622502
-1.0865522698660925
-0.012684104530347236
1.073508185755086
1.927433235428727
1.877710016735759
1.072658182182704
0.14631406192193425
-1.3190809764291287
-1.8788725648786289
-1.7901647030259904
-1.1470877536773312
0.13434964062619084
0.5658167762523445
1.0843664715472996
0.8175859701921948
0.7009549589398537
0.08448826141922103
-0.6430323034801206
-0.9816833555700977
-1.0270503995310956
-0.509368955282157
-0.10977778783977084
0.5416496412684204
0.8789759575765603
1.0062738504533222
0.6270840741423346
0.13742852357339325
-0.5188599002615244
-0.9973265003816056
-0.8222826709655755
-0.5672937087401817
0.04753324895940398
1.2936144480890002
1.9317876059289933
1.9801605741681763
1.038065135290877
0.11050908763149749
-1.2222586884167124
-1.8358911288095128
-1.8781596122734423
-1.2814552231319327
-0.03436170497535015
0.4732144503616901
0.818472906687024
0.9877494731446471
0.44635965589273047
0.130824651040284
-0.49212883150247705
-0.8393828858339976
-0.8192924208211766
-0.45623518529452667
0.05858138476975435
1.2875578414291484
1.8822100185276514
1.9458655242802094
1.1367812175472998
-0.11184407255474224
-1.2640724605710008
-1.8699345721343779
-1.823332297021143
-1.235986179931837
-0.09590102277737994
0.44911644322762273
0.9689489853343679
1.0574855021474
0.5120393758192788
-0.015079798443912709
-0.7032662985932864
-0.9723297682561614
-1.0017580352192086
-0.635016437011807
-0.0812040042221532
0.4625698264554273
0.9668142149632026
0.832486144526077
0.613689792875581
-0.11666765847409677
-0.5521834009211998
-0.9763121818484641
-1.0613444984533413
-0.45702060902744257
0.1089249720401359
1.2378360034276656
1.7625637624947263
1.7728347159672218
1.0911637751026526
-0.029284159794801926
-1.1710280417871837
-2.027786620986001
-1.9806990149988406
-1.0639019781379166
0.09474275157578992
1.1588273849944934
2.019516976537798
1.9497667267473426
1.190300000028068
0.13988161102661864
-1.0307423718114912
-1.9240045320294579
-1.8489616672034512
-1.0877230035482461
0.1072112920957855
0.6954754866705511
1.0386179462812826
0.9883646599079292
0.45728682356192574
-0.0725967298878629
-0.5614979672800023
-0.8722265797398926
-1.0629179735066845
-0.513758647703497
-0.05984558378976326
0.44499504929142353
0.8143833810742073
1.072456752991361
0.5045297068159037
0.052182331817720626
-0.7258537951090556
-1.0967392657111898
-0.8174483427966135
-0.5661299018548293
-0.13790727448643633
1.3020225200011002
1.755683391782509
1.9405172164869857
1.264471484759592
-0.07064553530997351
-1.3009945649055334
-1.8593461142919532
-2.0198482150392514
-1.259645646233103
-0.05377589870516158
1.1241699763790967
1.864946781153229
1.7681667910451335
1.1109806684816343
-0.04222717395821763
-1.1742387095002713
-1.892150839892903
-1.919620879078292
-1.3122474431286693
-0.0031355580656161055
1.289806006362673
1.8288974082624276
1.9819522236960552
1.2964015136009492
-0.1309817252202446
-1.300701859011788
-2.0005283538834884
-1.8753378899175552
-1.1518890817685044
-0.02647480739302505
1.2194895703522295
1.896800784831698
1.8731333792698326
1.1189923379583622
-0.007285000397351792
-1.1276201980003486
-1.9906765943147429
-1.7566678245811282
-1.2785933440029853
0.11068821976063006
0.6572916090609422
1.0073785081643392
0.9743769435697149
0.5206127140380804
0.09104878462879269
-0.6621955840673746
-0.9315994302118035
-1.0337368710974737
-0.4545968248761756
0.12571514967522807
0.507455303377102
0.811754004480727
1.0651665248036875
0.5911581794782321
-0.07575904407097081
-0.45795949446880835
-0.9431576587410582
-1.021209209427469
-0.6690840300673045
0.04960480580205283
1.044959316637136
1.9535743838226098
1.9625940981229464
1.2071209001039693
-0.039543891678316845
-1.0404849731120531
-1.9471193430919116
-1.927086864733001
-1.1328127018463015
-0.09975877361787343
0.5493044599398451
0.949758389629136
1.0258109878945842
0.5929614405764532
-0.13375757228084614
-0.7347401832032046
-0.8959088934116524
-1.0915025869868749
-0.6103765674109256
-0.14439751666932923
1.2505396682768122
1.8145476033508394
1.8437976146804584
1.3207447445160572
0.001149252832242478
-1.1442293675539366
-1.8355645719883447
-1.8395140248264232
-1.2847774127300808
-0.022266936834223934
0.5454262262398134
0.9556867256093436
0.8540348825832359
0.4721468750730759
0.03955475508856878
-0.5681483132494438
-0.9949782972936818
-0.9076761669726584
-0.5773846351606757
0.08518566580394213
1.2343710589426957
1.9772413529067858
2.0487990143602772
1.1038992474990377
-0.11750102167430207
-1.112568070216354
-1.7614215913560711
-1.7639740327252347
-1.025595567786253
-0.0932079844048628
0.5031201477690069
0.9858826265827567
0.8432611612673226
0.5199962258443007
0.12625209959794295
-0.464908736063639
-0.8951603360434633
-1.0043331381384792
-0.4663783429478022
-0.13888760703870334
1.1480039601842225
1.7791665967108201
1.9871951795222813
1.134460449231483
-0.027795830298121417
-1.1261911805937928
-1.8455441105026842
-1.8824112493866911
-1.2090675303284948
-0.019167095702746054
1.1943491994929363
1.8207891424535267
1.9898419918354329
1.2778764837492478
0.07153608292187935
-1.3105829903932598
-1.8240543766797106
-2.010844486260817
-1.159795999916447
0.11598057226900733
0.6431889810638072
0.9390644121463916
0.9299689852997002
0.43844937988848715
-0.015297939587820919
-0.46429470430826236
-0.96620702614543
-0.877212945618685
-0.6081435102161904
-0.12407440474139096
1.1366705092314793
2.0070110659194476
1.8183444991633324
1.0489889534780938
0.1466542856059358
-1.2531401312081982
-1.8445766656863287
-1.7966446339877835
-1.259969230977603
-0.10612743259242102
0.5980109017542516
1.063747510212661
1.060978073405299
0.5962979091678854
-0.1011754555662178
-0.6739785105989782
-0.8204994143988531
-0.8433787314188286
-0.5671150340267982
0.03410690057921365
1.0808385128411442
1.8688161675773116
2.0334273449397093
1.028651019360777
-0.11644121334769146
-1.1270748267866315
-1.7952412803726379
-1.9990862356050139
-1.1857459905981038
-0.14041405354077688
0.6335462535631532
0.8473374844255311
1.0483787810504013
0.5799066898265427
-0.12233569570032438
-0.6519047460969865
-1.0175405584761212
-0.8671371654111805
-0.47025194972677165
-0.0357643391133802
0.6991410861067056
0.9552250407872869
0.8482299253613347
0.6011672325335395
0.05193972863898444
-0.6216076745192107
-1.0396406839089325
-0.9923670550694821
-0.5508116192018988
0.11435376623451439
1.2203670252314747
1.870833877281409
2.023431789104953
1.189403580831347
-0.14736630604073364
-1.3012956981548165
-1.959058102525756
-1.9559107444032455
-1.1165597466805777
0.004917600602013619
1.2789774246202241
2.0260543112762215
1.8472321793630648
1.1446617690921927
0.03397465955114032
-1.1787279111330329
-1.9501431061836778
-1.9097768695308976
-1.2944455290207477
0.08102533499515804
1.152514536543366
1.7885993545647578
1.8219469133673947
1.2070965068186261
0.0975657980133082
-1.0534804229385255
-1.8008139708550808
-1.851339041219507
-1.114045102619123
-0.07414368230675411
0.5610797925308819
0.9268458413848042
1.072470933510663
0.640115727574154
0.058433531209676155
-0.7321539971250883
-0.8571415002107021
-0.9559239087177684
-0.6717545755952755
-0.053222851757480726
1.1874187515813643
1.9509301133858634
1.9166986014149574
1.0304645821807168
-0.06462834893065368
-1.1184006208144621
-1.7717527473087697
-1.9829736579813828
-1.125727119858431
-0.033330152116824274
1.0439730311260282
1.8256252530170496
1.9187619310895792
1.1570104305387505
0.0697978303409146
-1.1098233354302347
-1.9505835069618556
-1.9097813678661608
-1.1607310688531067
-0.06362990314657524
0.44594246535605697
1.0232498261957566
0.9632209063576735
0.6604423487529609
0.026381478231639627
-0.486344547560871
-1.0870175088767218
-0.9013757597090101
-0.7265316742317198
-0.12889415143518637
0.5613475412725237
0.8547392867258001
0.8903450353199843
0.628579010201096
-0.03390976736907299
-0.4544820003126312
-0.9591270115537777
-0.9099539685702314
-0.5445126930648336
0.08296860968358219
1.0282928174752706
1.981703742520156
1.97563083413683
1.0759625478342458
0.07471080618835536
-1.2589829620167947
-2.000011718495981
-1.9913606531509422
-1.2927474138460961
0.14820688458133668
0.5866346377957086
1.0923759246136573
0.9911495470279514
0.658410576399971
-0.037556396820623
-0.6727542538357557
-0.8320785106633232
-1.05276608206249
-0.49169006734607046
-0.06049351670082892
0.45855105780122385
1.0770401837567465
0.8804705070821206
0.5401851140181423
0.004139469399977057
-0.6036011916529274
-0.9973972229043764
-1.025462032681289
-0.4625807130561318
0.09408242370641873
1.0773217782461273
1.9863820058412551
1.8011132379297043
1.2724889263382915
0.1252695273424417
-1.1779673528880383
-1.7771227333884432
-1.983180904703915
-1.0578396069122713
0.040994259123966224
0.7080148633681632
1.0346568409088768
1.027447439310904
0.5224239828538598
-0.11555563283057772
-0.4640427369747594
-0.8701007836682858
-1.0771730454510409
-0.4728553596371954
0.053935940852805564
1.2687674025857356
1.8167073223070933
1.8401211756549671
1.142196348232054
0.10131660386343044
-1.285371996289154
-1.7954729319756864
-1.841420650672737
-1.161441682728181
-0.1104309059556925
0.5427445709662584
0.8355036617627235
0.874489973847948
0.6556636010367912
-0.06715347560741133
-0.5679318006861456
-0.8021304531567524
-0.8250798500064163
-0.4681590186305712
-0.08494957902007329
0.6680846849725364
0.8968925158129355
1.0326871153263764
0.553928196724896
0.022935399320828668
-0.4714768802957522
-1.0358482010677432
-1.0041563438557595
-0.7192793407410484
0.09469863394495182
1.320975755332423
1.950897434093017
1.884721650072042
1.2118728253872324
0.05697717728202905
-1.1597151614932215
-1.7773809858270637
-1.855967796334525
-1.2643748005825093
-0.09045166192761296
1.1606094244128302
2.0157077540679578
1.9547795352260637
1.1496248372220474
0.005807758265548454
-1.1179203952086367
-1.991736522003944
-1.7618005946789252
-1.0445835520152997
0.05757336744444754
1.0274548083020631
1.8183232907749975
1.7569097090712955
1.054036246056901
0.0007343383562001026
-1.1630701958673915
-1.8606855419428112
-1.958963739267252
-1.112766879387448
-0.10875430349726752
0.44448071319284144
0.969620776667415
1.039570451634024
0.6689724079443307
-0.11794193629146432
-0.7065181645969034
-0.9556851962170174
-0.9297482454121119
-0.6067280426782823
-0.1360100425526024
1.0552982534056394
2.0302807769976345
1.9693276792742547
1.1770336843230675
-0.0831903480622245
-1.155472916313413
-1.921205351973533
-1.868900463424587
-1.0890131354954935
-0.04796347826682127
0.47240232007219496
0.9403996175196769
0.9127248630810172
0.5171232036728053
0.08418058992755942
-0.43968487658432565
-0.9611213596124153
-0.8989565155798735
-0.6163764224938718
-0.09422719505105555
1.2113784058808035
1.8844772173797588
1.9605637582007103
1.0991303940712536
0.029380525048153854
-1.299417220774187
-1.8555787241222967
-1.8532798856741215
-1.0767379144881333
-0.14964146780588597
1.027540150952969
1.9963291385576472
1.7545818728539693
1.107170657071227
0.03192117811273491
-1.2259786680207891
-1.7849595703598407
-1.7835948495306928
-1.3176130966005535
-0.14210390030202194
0.5942666929447668
1.0214974251014906
0.8534242094372182
0.47470331529157783
0.0575055523471948
-0.5830266311269505
-1.0630792752534723
-0.9175890145255736
-0.4676145077080346
-0.019010640188495378
1.1283916998538057
1.9691529591429728
1.7781815877845053
1.156075460211868
-0.12208617187817698
-1.219248023390762
-1.7733014728839358
-1.991148669240109
-1.0528443137819503
-0.12403505333038313
0.5315647736683451
1.0270689651893765
0.8525171679496308
0.6190799237326614
-0.14984995089013942
-0.44687078182828865
-0.9498240195751919
-0.9216574176544194
-0.7209234250620102
0.14365230749718771
1.2425430944327454
1.7626339171792278
1.8007639036055234
1.315689003024154
0.04157837532918482
-1.0630898276672502
-1.9204061394714014
-2.0392592233871008
-1.159606826114977
-0.0669877517491268
1.0966458105279366
1.9466909141483446
1.759456001925304
1.1430392362809394
0.04817161326767987
-1.3254325254063426
-1.9110889803729605
-1.8299457664619214
-1.2628076563054305
-0.05230161367503761
0.7159170913717628
0.8769991544743863
0.9961002686705113
0.7185209373505088
0.051733989587480815
-0.48903635151086833
-0.8659443837621332
-0.8137781269228772
-0.6165813034238683
0.006680255614603085
0.6450507076564526
0.9715493824518098
1.0154538449223436
0.6607402138848737
0.039774617868988796
-0.4898142856447951
-0.9392667298689225
-0.8980798057194614
-0.5106902737419923
0.05165227205470722
1.2703389320729896
1.9060419563289
1.7814226397058535
1.0963584053069055
0.08327629953045788
-1.226403375779695
-1.8181818203105136
-2.0502805968385687
-1.2440872803938459
0.14336684041754744
1.3243757365847246
1.9969205715238816
1.9700642957709587
1.2333144078893676
0.11520055040047908
-1.2245009448308588
-2.0331713933157434
-2.007658700887105
-1.0403040690587382
0.09050756271326293
1.3132221833680535
1.838072500824366
1.7904912302362381
1.175335566977254
-0.06796588659230014
-1.1724431846498002
-1.7758648799767227
-1.8474373336096956
-1.0973056485722525
0.12154531583361232
0.6166623410470926
1.0733460737688063
1.0797394804881015
0.5219924257413617
-0.035286240342720814
-0.5009081282644492
-1.0959995131433775
-0.9437170721914228
-0.5292298860833096
0.042072271088631756
0.5825145048795446
1.0877616311011764
0.9070189551457529
0.7358020530222887
-0.1444477820472302
-0.4592030121367796
-1.0688170954955332
-1.0484946202962966
-0.7307033441423805
0.12374049691468056
1.1231610511800443
1.9114359085629054
1.814483316219956
1.2362682953854112
0.08160583887435813
-1.0598806340528244
-1.9786668072968863
-1.9138556246617644
-1.1099771588019132
0.04104470595208241
1.0362644871001283
1.9530014585782953
1.9846282864513294
1.1913571649391728
-0.027344849877430535
-1.0970865536392393
-2.033555127023298
-1.776061911714808
-1.0608728289754696
-0.03212481827287852
1.0598379707835297
1.7574049574814248
2.0489176843005183
1.0688755962944136
-0.13383248080979557
-1.253289148877762
-2.0490583913513127
-1.7865762582615639
-1.2270140532958524
-0.06985778628746725
1.0948966457673042
1.9753568151318581
1.7532158230271624
1.1854581619190117
-0.13675245808899048
-1.1915145199190196
-1.853121457706583
-1.93314933283648
-1.2444486971939193
0.019995465977567593
0.6565412592211053
1.0873947910817674
1.0087175327829807
0.5682750670309444
0.042421713815288274
-0.590502380703594
-0.9743868716622137
-0.8945282187291007
-0.47337623498123327
0.11652863082324066
0.5098394292289364
0.8889861362766396
1.0950991413009608
0.5704902791299278
0.04946576530742451
-0.5231331438021096
-0.8675061483913624
-0.9662179152954772
-0.4572738915217005
0.12717338642705836
1.0335739840038345
2.009274056653263
2.0342315752850193
1.23533630048743
-0.11605997442635459
-1.116284857943377
-2.0271864333683323
-2.047532295503142
-1.1158802481792869
0.05119148927751905
0.45571039777375094
0.9895933815865852
0.9290279705188558
0.6077567114077191
0.09383944847635511
-0.726959375015744
-0.9646031553941473
-1.0376785057102134
-0.5388755525022699
-0.09130498153622632
1.1753736190042814
1.7582207133154757
1.8049331364043926
1.3251855098537064
0.1182338952358323
-1.116270621479659
-1.8958793330368704
-1.822575917698954
-1.2797838176636227
0.10564369435322596
1.162784643613243
1.7534356371025643
1.953166228986617
1.1958392583680355
-0.07162955681500341
-1.1784032026722961
-1.82549846852796
-1.8977836290833432
-1.1959075236867536
-0.1256772224256866
0.6989694904273493
0.979769902538779
0.9038175593875153
0.6144714693371789
0.07211958477485579
-0.6237639232107454
-0.8331851536646512
-1.006250256945951
-0.44336548608848947
-0.021072130399847015
1.1632831245315063
1.9899843069094518
1.8981662026383253
1.0308193923647841
-0.07906917741183965
-1.0687340316425777
-1.954410311444303
-1.78343649412874
-1.2112321414372964
0.06063562330914977
1.113828685824822
1.8127637298903443
1.9156257974879656
1.0639426145349016
-0.02357152134075406
-1.144327278137129
-1.8705166696075195
-1.9879399080361813
-1.2772712198829967
-0.004472047577894953
0.4692830072771051
0.9946543103522587
0.8215633476109143
0.5808440460328985
-0.13485959521222649
-0.5686759503956942
-0.9216364944450903
-0.9320151649827276
-0.6935396343727206
0.04861620206463395
0.71669993351162
1.00837336745957
1.0989380376094355
0.6204546099946484
-0.03683105776476095
-0.5175441849532554
-1.0992827698580014
-0.821391018580399
-0.6675002512664284
-0.10841383363083576
1.2889745056746926
1.9823532333518559
2.025435519960994
1.043698440960737
0.062415779716016764
-1.1312408302002919
-1.9452719299945378
-1.8413405189312089
-1.204236468664362
0.10040701633692907
1.2758198017143996
1.7529351881021515
1.9542079963643944
1.0298901239794451
0.12120726125395193
-1.058281051605218
-1.9639112786882253
-2.027867496535062
-1.3247701359656836
0.032473255847331406
1.2022431864719212
1.853683407894748
1.8005520329824867
1.0476005935248747
0.08567052793240162
-1.249176889547954
-1.9552480832886234
-1.8219465149314273
-1.0564628094829362
0.07621813407502231
0.6392394584582775
1.0317397383795752
0.8281246485228161
0.7111019899937142
-0.07124757095344215
-0.6149235817871196
-0.8190535540253099
-1.0025255925787808
-0.5674304275457713
-0.03472266994940074
0.7330333270587165
0.8875136008435756
1.0812337715458074
0.44529523943772664
-0.11016981229590862
-0.6815847710859996
-0.9213570243657636
-0.9776325666356808
-0.5258976129571435
0.050599591672054925
0.6671883127041968
1.0842827338004841
0.8998824689789418
0.5829821022423856
-0.09756222350079491
-0.5529212380630485
-0.9593541541195573
-1.030067989480998
-0.5768954112656589
-0.07667948274087162
1.0351714106908239
1.900272399595285
1.9712864758396307
1.0318562135146576
-0.02509922559430143
-1.1633318037193683
-1.779397060875269
-1.8395334608832214
-1.243164179772105
-0.07900181944489261
1.1293514135253677
1.9159864791508083
1.8989399810640202
1.1833104265122292
0.05768536995365184
-1.2430267690788726
-1.8174795345677055
-1.8935087649896079
-1.1943239034804936
0.051101248525612264
0.7061973983212861
1.0839603815485004
0.905079133353637
0.5057063578190573
0.06390243834787919
-0.7077822792237906
-1.0595658226780806
-0.9140995801226346
-0.5556184962002298
-0.03513104538619922
0.5298105032052611
1.0963523910304527
1.0869884938999987
0.6719474438039829
-0.07431938215083465
-0.6674855195491436
-0.9628814773976799
-0.9367117558066582
-0.6818527399269303
-0.013226998337447567
1.2513789537237228
1.7661079364909085
1.9003324374546837
1.1554130444231776
-0.04085889282089401
-1.2737231721390996
-1.841117721675151
-2.040106969758702
-1.2558565682472669
0.09374102791475067
1.103300526558014
1.7723000785432945
1.8801966739357372
1.1766357845728233
-0.08304784920569581
-1.2798338499621817
-1.8768379012234637
-1.973164693143393
-1.181405599733885
0.14446282311572956
1.3226212778124968
1.8344686960553784
1.8095093139413154
1.1535706270974595
-0.1135737865720796
-1.0880082959848172
-2.036925353877896
-1.9491214207404268
-1.2173524812864411
-0.030475266645955058
0.5501349349059491
1.0924124410043907
0.8419408117780931
0.488642422085394
-0.12860701911819078
-0.4662170683691482
-0.8914668217225697
-1.0495969612834035
-0.48850833482977707
0.010880566260571716
1.0691829008570857
2.029166362216133
1.9848672091134327
1.2993654588462988
0.10277023466592271
-1.0569887594985417
-1.8398213205752392
-1.8515021333774755
-1.1776227962859562
0.004312897292557391
1.0454901632645823
1.8151015569049413
1.8313746687108898
1.1442020604317928
-0.009243779928636139
-1.0444926928509908
-1.8812004794344537
-1.7773694206725479
-1.2597016592266916
0.10580486947499808
0.7230271574432201
0.9291534752660588
1.0136129793917719
0.5675920060193469
0.044867025874204186
-0.44183211783173526
-1.0532242195883614
-0.8571339405344245
-0.6923838850137415
0.11399560483546489
1.185862912049907
1.895452264233927
1.952920096300944
1.0477017969682207
-0.12286205846264692
-1.2338068400944102
-1.9246685317243053
-1.9108896324787956
-1.302467644135234
-0.08659137397686892
1.204287661094922
1.8891615186679867
1.920916850299398
1.3243600037040348
0.08912786245605307
-1.0723289693955078
-2.044894888498964
-2.022943057504707
-1.2511400066383558
-0.07479337348001391
0.5538365793750692
0.8937618678816492
1.015505895714218
0.533990145755518
0.039590315419871916
-0.5000469710591502
-0.9505607773127924
-1.0585923747950634
-0.49692656900214494
0.0791099901360178
0.5885658737421777
1.0929233894797226
0.8944873367378323
0.4772961985495796
-0.06311899462826313
-0.44125142797387984
-1.0517594951242943
-0.9830246311165391
-0.529570121325678
-0.12770189293342196
1.180930186081572
1.8774060445078382
1.859171167041854
1.0798591104324426
-0.01493819531771628
-1.1435319764915102
-1.9619296013498069
-1.9643506050855297
-1.1490698457633963
0.056890163106413164
0.6908805559685428
0.8798708044501413
0.8165207620854426
0.7266379194583905
0.003197439732998073
-0.7209327626196501
-0.9875404849516124
-0.9959760410420918
-0.7285039749054703
0.043341138484524956
1.274847504912339
2.0031600260118676
1.8831593635798285
1.1489854781321063
0.1370956684150514
-1.317451136928446
-2.044576409376865
-2.022273963040329
-1.2353457860215942
0.0708254214805389
1.056719739832961
1.9976027938038539
1.8156917942549002
1.0452875188535171
-0.11913435542880055
-1.116332421986287
-1.8993998317273293
-1.7772315701673145
-1.178151243266285
-0.05716651042754957
0.5676177950839106
0.8601351024141406
1.046291217980307
0.6013746254660475
-0.00695416273879339
-0.6615231185739766
-1.0535534221554017
-1.031577583275942
-0.5259927559249624
0.14261693177531495
1.0845341887167694
1.9867259502953265
1.8615979873657744
1.2352451001999163
-0.09915375157962471
-1.2968367356484403
-1.9376468074346715
-1.7878244714533487
-1.036395314747273
-0.058237081717631166
1.111669312292817
1.9901605036300876
2.024126717607393
1.2966558009522777
0.10899787223011007
-1.0747048847683918
-1.9468969876619047
-1.9384832920718933
-1.1855031661128717
-0.08708826064084613
0.47725383645659547
0.8525305821537573
1.0859723880305117
0.6208488955108413
0.10130550604667121
-0.5347846780877088
-0.9385599335766385
-1.0345938583022847
-0.4467234132280923
-0.07604117315808205
1.0587596907153278
1.8521139224877898
1.9428106930715472
1.1983252740023083
-0.14508723104268945
-1.184303259925703
-2.0278776268377054
-1.9727433452983207
-1.2846901721039898
-0.08506550535681122
0.6526397621930441
0.8379363746399212
0.9991653303917661
0.64368078013729
-0.05812681221023849
-0.5814274033691685
-1.0960547227844304
-0.8646719043229405
-0.48801409857581934
-0.058759852415342824
1.1904388102073211
1.8273963980859644
1.9816794510340832
1.1507472466836668
0.052546138450656
-1.2674330501578344
-1.8984289112098245
-1.8620850386310857
-1.1908978648715238
0.12028481530707112
1.3045465809724168
1.8152331244000162
1.9920087035656389
1.2819923058938336
-0.05421801502959269
-1.0948320126260107
-1.8483014710671408
-1.8326339257497533
-1.044395985567429
0.10451181968875158
0.5752257058877857
0.8614202514442868
0.8977064942104946
0.4520920636200768
0.011769850076318783
-0.5295030432207759
-1.0004530002446022
-0.9977360552184609
-0.507728728857353
-0.055024434353774306
1.1904341292301202
2.017483281278092
1.9352134752569534
1.1270292642258446
-0.008301987309311958
-1.1483853757425508
-1.9937139754626276
-1.998394227005062
-1.2622766213386474
0.13257746674449164
0.619309275685356
0.8618929066457806
1.0492075149763607
0.6550081641370316
0.14914348331684468
-0.6678782306431021
-0.8305718940237788
-0.8288632903110638
-0.52853640854212
0.12363498157221883
1.2285079587411805
1.8984814044458622
1.9724174669499297
1.3184084944265364
-0.0464652155159693
-1.2317255092263093
-1.8282003841964445
-1.804610149335097
-1.236755715083281
0.03337847316319159
0.6570072269850763
0.9698025864530894
0.9276916928592301
0.5731525814246016
0.11098744019262445
-0.4919916059119851
-0.9296206159561855
-0.933301639445389
-0.4645244589756513
0.008559045084176384
0.5341373961567895
0.9548808089813208
0.9558375095729625
0.4603980661196473
0.08163630787163209
-0.5625962519591783
-1.0359453192597836
-0.90512615648469
-0.5790305747118116
-0.03935303894470092
1.2072634254879953
2.0460788736265068
1.7573386475825814
1.1783446355079006
-0.08290071120018642
-1.1751668540091187
-1.9116489168955173
-1.8296461255876433
-1.1032619229758427
-0.09024093420991668
1.3242854591847013
1.8192058943592764
1.9965682240701004
1.0958764115816397
0.0068125734964145515
-1.1556479772664439
-1.8645932497142257
-2.0175684465485175
-1.1139598735610436
-0.12032831012354363
1.3204938198697644
1.895497810098453
1.838338563931414
1.1803899812095682
-0.03996094034787324
-1.1458844555396293
-1.9903027372016846
-1.7811234595957461
-1.2413371793431482
-0.10756082920892128
0.7055830499597459
1.0700055451608321
0.9796727477966821
0.6717932374789138
-0.015120463160777019
-0.6648066075145286
-0.9497841921162273
-0.8836795228531793
-0.5773698429851504
-0.13874011683092008
0.6653562533844974
0.8017854281448757
0.8098837290295133
0.5559578950929844
0.13660292167224208
-0.5863484682101698
-1.0218643839562307
-1.0023154351751549
-0.6646788585912202
-0.11400244642240527
0.532065148426707
0.8011912494319395
0.9662753580945632
0.5603930111459338
-0.024122411731100964
-0.5156230192484104
-1.0817924912650825
-0.8561981145346413
-0.5821691552421329
0.08517893952480826
1.2099605469166266
1.7948594355074876
1.9399421177705816
1.0513127945455063
0.0056383280224410965
-1.248084804278946
-1.849228272803158
-2.0155371205696273
-1.0442268312229261
0.07303656271345081
1.148891862592001
1.781518648432561
1.9875714290013844
1.2380674671370606
0.024460327763473465
-1.0989115922173438
-1.9119876999463814
-1.9389915783155083
-1.0725679290339944
-0.09786039151970011
1.2693553055514384
1.9254158779000878
1.765174642138482
1.042322020650899
0.060124709365681483
-1.2060335005194136
-1.936866539039029
-1.806916760688364
-1.0984067254406993
-0.09155903680887595
0.5873864926296912
0.940215916089177
0.8450221787068217
0.6222668455001794
-0.0943916788894833
-0.612241880537356
-0.975276964207606
-0.8599459391459383
-0.5534121418958393
-0.047943642527410346
1.1192460786033984
1.936762222154225
1.9037359465157675
1.2904498548427947
0.029234719099663586
-1.2710530829696933
-2.003378475094159
-1.782119172205022
-1.1377442547173984
0.09994055617088797
0.5402272403870327
1.0388651295916649
0.9273525254942163
0.6585178699182744
0.047744369054219055
-0.5624197119211584
-0.8664396063385087
-1.0374356209261089
-0.5793750435190721
0.013944704811358375
1.1320977871701305
1.8774209684774732
1.9289894655295292
1.1311372305269058
0.06581794468224843
-1.313058317548587
-1.912129450140802
-2.023950869126368
-1.325377777114237
0.014895934574376365
1.1877889850329488
1.9186476851302081
1.8857702588036958
1.25404007428648
0.1121235857004458
-1.1270144519165917
-1.8022451476245145
-1.985175553411414
-1.0779380691878564
-0.058969003888917224
0.552441678006022
1.0146392435611655
0.8898437846516294
0.4980223189694879
0.06898348578339801
-0.6453361116726503
-0.8941434350368901
-0.947367610854123
-0.454420980751543
-0.0433629384871314
1.1071985083377056
1.8096331259277274
1.8132263881509998
1.2736417603389638
-0.11137218469781293
-1.2316826475742966
-1.9751773006701374
-1.7993452600319604
-1.2662483208446207
0.05768228946537688
0.5157093907280687
1.0198802120553674
0.8993004265500818
0.6821450498015511
0.09113376935173603
-0.5456737419576153
-0.8097550306338616
-0.9159765042568764
-0.660020468216722
0.14825148345144296
1.2355463901491743
1.8011593249766324
1.8532801445250764
1.2045467414028206
-0.08330938606822073
-1.2787936387327874
-1.941258418562052
-1.9447231153392006
-1.2875877231296127
-0.10380135826323827
0.5137884168262561
0.8403619820834967
0.8441198919971424
0.5968166582366043
0.11970332456842459
-0.5395179452571118
-1.0803626948430651
-0.8303341129069837
-0.6764405304840596
0.028079107748490893
0.5570708266102103
1.0858809188120877
0.9815158078202064
0.4852201534246729
-0.14901304555219275
-0.6152826243261239
-1.0360266711978863
-0.9414502162652781
-0.6623740208241093
0.04875704345445145
1.1110831710747822
1.7713928102501193
1.9027340300629059
1.063245887624918
0.034688749672883844
-1.223207630327155
-1.7763572069601885
-1.9124090744032105
-1.1111151594151625
0.050560470689739824
1.2527009228600208
1.9201606252762735
1.7627676908283927
1.2268015059478863
-0.03628142185311199
-1.2224321350574674
-2.0513995903131588
-1.7758430797203821
-1.191622629201475
0.008894547386416726
1.243068112595941
2.0384742613694034
1.8331918188133467
1.066244687170832
0.14377783251360718
-1.0920265304962038
-1.926513726639607
-1.9239718307192741
-1.314285738848925
-0.03698580880389496
0.6638710066159357
0.9387815681529221
1.0898035773113692
0.6967202536021375
0.09712719043071216
-0.4999730684824295
-0.8811802420806994
-1.0888134551146988
-0.6230306242185124
0.04027932234062317
0.6944960703735684
0.9638843300839399
0.9377899284890785
0.5999431909789246
0.14514038452052727
-0.5207135561177312
-0.8103504975386961
-0.8722437594686622
-0.6141456593974263
0.04903373155099918
1.2199182532685808
2.0198612666563056
1.8439179329601645
1.0999106579674918
-0.05513450977692422
-1.203847892787524
-1.759436302243913
-1.9716384686849355
-1.245692153238382
-0.004178429008718452
1.0534071212617653
1.8318230617627715
1.9685106879043817
1.2039868648775716
-0.11251994656999081
-1.1562893397548215
-1.9848504355016783
-1.781600836138892
-1.2910665283442193
0.08407039977905806
0.6501511802992799
0.9757814412346633
0.8163825042495669
0.4544532238708316
-0.14759480948423923
-0.7163436922396843
-1.0740579352002602
-0.9088305205880008
-0.6269309194145181
-0.058943431431405034
1.1739148750519959
1.793780983697719
1.9209829685279196
1.2988098566308703
0.08933384670169284
-1.13347925163304
-1.9499766049731226
-1.8705760416492243
-1.1717644499521613
-0.11569955471457134
0.45222458660500076
1.0195611868893852
1.0844003530474309
0.49900614772765783
0.03648798448718662
-0.5807326290220534
-1.0280149923027468
-0.9946685813528847
-0.724333208986685
0.06629356789359196
0.7374697147192774
0.8445449013530043
0.9920652780599061
0.4774093327762808
-0.13062981371634316
-0.6985934451638691
-0.8210458593549951
-0.9365126412378018
-0.5201246138396732
0.07428083925366724
1.1129247260033692
1.875503340798721
1.8595573348197638
1.306316662339117
-0.027169389200639896
-1.1635454943288588
-1.8120784040123563
-2.0516618554913046
-1.1430190139015575
0.0680245482092125
1.1249784494689248
1.8026392864821603
1.812922045827758
1.3243623684003474
-0.07671497922128366
-1.3109168369991995
-1.831317125040157
-2.039781641121325
-1.2135097942759632
-0.14400885078844916
1.1971642586421205
2.0164533607382307
1.8861770791479762
1.1338957158100837
0.0956577863094276
-1.1996859931727955
-1.8441283569127649
-1.8327381473659965
-1.1708275417389415
-0.10142916668287373
0.47823719776149637
0.9215644006460073
0.9876476667868235
0.5161978721945573
-0.13331087155050458
-0.5933035883333093
-0.9679661074856096
-0.8830889307687648
-0.4573072907281528
0.1283954628455355
1.1602290683156045
1.9663345688651777
1.985913519283317
1.240768257144452
-0.004824235998230242
-1.2570098694589686
-1.867048035322262
-1.8522386351689544
-1.0266265206927472
0.14207654986593982
0.5095760485157261
0.8551390360773977
0.9605494941925163
0.6709284350816689
0.0758180934239485
-0.5975694991688817
-1.0228148494756846
-0.9183634407076235
-0.7223413779551169
0.09521856016083186
0.7173193182553373
0.9373546162103832
0.8776421602480801
0.4525740503906307
0.09203960938234669
-0.5028817503150738
-0.8907308451551217
-0.8560617003228541
-0.6722368366631857
0.053229530911972946
0.7359083200519498
0.8120395436773369
0.9449709795508635
0.4615278473625176
0.0195266607181604
-0.6728136461173814
-0.8940433977206641
-0.9703171184109326
-0.6832647838174587
0.14402550848087578
0.5906750967469875
0.9785024631557048
1.0995433306410667
0.6912575060641314
-0.09935122924498839
-0.7246127523052329
-0.8481905450392027
-0.9789982520713021
-0.7191111492464886
-0.11300570036623586
1.1859447259688665
1.8578304891249122
1.823763277757241
1.0425101429620007
-0.14457857935655383
-1.231259194338905
-1.9405295483475336
-1.9032178150580963
-1.0923534415431448
0.06042078040634564
1.2315017655455112
1.914985923591058
1.9841214731795933
1.0954159368095888
-0.06015730182934036
-1.1711865704532447
-1.79346822274543
-1.9610212755183236
-1.2981303069370416
0.022609352480268814
1.0595389995083755
1.8939944224301988
1.9115575299532679
1.2121720601846393
-0.04249061692320431
-1.283472022768287
-1.9575819957796396
-1.9707387131507315
-1.283244140053223
-0.05748671944086371
0.5283356085509805
0.8156522175044486
1.0212923450742513
0.6405833467847872
0.00033833846297816046
-0.6125955061008582
-0.9388121002465306
-0.8800004965563505
-0.5557739712908596
0.11525865029272278
0.5495619460720452
0.8736138771108639
0.8346025403799578
0.4836106538063
0.10734163231059343
-0.5003551907170077
-1.0934345873659013
-0.9736009555570678
-0.4434744066810259
-0.04468643506508147
0.591279982267748
0.9000974928112556
0.9173146203325004
0.6969725718646418
0.07910819418994805
-0.7097166675605452
-1.017098620415582
-0.9803131474728223
-0.7361502795808897
-0.06072993971741995
1.0955168496409966
1.9642838919128989
1.8747131114268887
1.0728854605588412
0.06109391286224113
-1.149664370119748
-1.7700814746735112
-1.8186030059174507
-1.2917749396499856
-0.12666517387876536
1.1010501924754386
2.001492474625037
1.8207304532498048
1.1436757763916727
0.032907263118273786
-1.170249497018805
-1.7920296928701926
-1.9544802565398602
-1.1044130765009388
-0.01579538634136935
1.2730346720024905
1.8470860333647448
1.8856418683951566
1.2430695133603096
0.12096607147328137
-1.3045866194679794
-1.979539761643011
-2.019279943880395
-1.2518906249801849
-0.07990194866740799
0.5559726609410497
1.04073334012162
0.8563713877211361
0.7301288554615585
-0.0984369356388886
-0.6485978570978223
-0.8514062143757747
-1.0025582763963752
-0.5447709971236214
0.04332757758883541
0.45665093387665656
0.9295862337038316
1.0651810176605545
0.512742279658557
0.131901960054637
-0.7013006162147866
-0.8932352838156968
-1.058532858600402
-0.5762580832401348
0.04809773081530518
1.1730176369645087
2.0051671096687858
1.8644955661135625
1.17472521615807
-0.13599644176667935
-1.1093878877194379
-1.960691112505477
-1.8758403405270088
-1.2630473160590368
-0.14071123874922578
1.2983055706255942
1.778394948538374
1.7735864001361976
1.293077747523226
0.0136643922295691
-1.035391124116707
-1.9344615388697686
-1.776434742243504
-1.0664589240994244
0.10416115737152716
1.2722175275899779
1.9518182678145641
1.7919857063589237
1.1142646400159377
-0.007316548243355945
-1.2556780960107798
-1.8028926526461904
-1.7564561877334146
-1.0904488096234668
-0.11391256004152578
0.6742849887415612
0.9480598331711304
0.932038431485186
0.6830415081004475
0.018744475633884608
-0.44083051776927074
-1.0316315418706836
-0.9337991571555952
-0.4626405017295392
0.07397329934501948
0.6225708505376246
1.0959037437863928
0.924527195594715
0.4493089537000421
0.026872256885411484
-0.7136160058147905
-0.8396576813456135
-0.8165274443120808
-0.7260081283131163
0.02827841122653591
0.5289053434483788
0.9024172189350494
0.9080019320910877
0.545269529267688
0.011616985615637957
-0.6423822593440739
-1.0845202513695076
-0.9708989425337657
-0.6216061182297161
-0.08074943201530797
1.2343576590685625
1.9447675969659022
1.9996430499998108
1.0399365714423883
-0.08022178927406723
-1.0344100332417252
-2.006811087592633
-1.825544247437644
-1.0422433411159948
-0.1014708531724394
0.7287144561479979
0.8489057537348585
0.8465089403672839
0.495312949877878
-0.1115802342377035
-0.5532248501192594
-1.0237209133079426
-1.0598783478761857
-0.7348023581108398
0.06530708151711245
0.5557531145652316
1.0318352653916991
1.0000219200805445
0.6346889177279508
0.09891282792041346
-0.47216922566330544
-0.8675930714096851
-0.8504525789228852
-0.6647541776468153
0.12130544178212901
1.178117713340161
1.950799120804847
1.7553938954447128
1.2648923994971173
0.09267839944743908
-1.1603335625982767
-1.771068084377274
-1.881783674983419
-1.3227193759500904
0.01918631339535327
1.1227461931913194
1.9529779865064425
1.8749144602373666
1.083739002509382
-0.12243015854056823
-1.301326438403861
-1.802951337600961
-1.8010834650516543
-1.0436767986931506
0.09278681534197174
1.133903982412352
1.9545433251396045
1.9752848920472008
1.3136213167070945
-0.1172361310718478
-1.2800237599269235
-1.958843411729231
-1.802699132364198
-1.1237461547566596
-0.07603984761814664
0.455860045472942
0.8746173153741112
0.8257192172501522
0.6383692274792447
-0.005727394172842407
-0.6044127717108502
-0.9264655636004471
-0.9396864614308514
-0.5335898944802886
0.016338887032425264
1.1909093952670577
1.9360338228178948
1.8445705642928474
1.1430399773845055
-0.008460656886373168
-1.2583366463914387
-1.974427922711761
-1.9112404475802576
-1.0459863768402737
-0.04739138459748036
1.06035802781734
1.871709519467424
1.8164168210352214
1.0517431906194135
0.09493173222856846
-1.1867410328835923
-1.7678791109948704
-1.9578906668488592
-1.0454889030874113
0.08879882053367977
0.6752066867008476
1.0179343939377241
0.9015457916605764
0.5617022229085255
-0.05177830003025279
-0.7189928399906422
-0.9119136995906809
-0.8191560827247502
-0.44231301923523547
-0.05972424837015639
0.5855910016337824
0.8427490045574011
1.0595865984192572
0.4515075858082169
0.1153572784925046
-0.5221761200999315
-0.9879854131861476
-0.8996899025229775
-0.5309814698136115
-0.026654708126312356
1.3155764418073943
1.8923087872074267
1.9801326537600854
1.1662817133245946
-0.1363528741962329
-1.3034659034268894
-1.7740402638095034
-1.7857926389029513
-1.1929572502255124
0.042180273379935115
0.47715890316119586
0.8833728137231008
0.9538653441209226
0.621343944586547
-0.04122942633609567
-0.6580890660136792
-0.9139866909264595
-0.842124947448604
-0.508382244907679
-0.0873796611227969
0.6206524698832736
1.009069582305175
1.0133910437836242
0.5472960886625332
0.09886519468665673
-0.6401580634733581
-0.9608176124990676
-0.9313094738128163
-0.4982759433220506
-0.0926997486712845
1.0811804591611216
1.779159558482098
1.883071731542641
1.135552501027237
0.14173385946027306
-1.077873562036319
-1.9148567113876582
-1.945517723765452
-1.2832260059067055
-0.10787859169998135
0.6611509829013195
0.8045705980527247
0.9439780313337038
0.6446879662978329
-0.006633600811235782
-0.5556722177750588
-1.049413616541657
-0.8924827123812198
-0.6506943401627906
0.1115442695826001
1.2905488300334222
1.9414732898992828
1.757793741556311
1.1619198914163376
0.07024888742916781
-1.093884630174738
-1.7945057101921695
-1.797648774559542
-1.3000895578225458
-0.05349673461261341
0.5039484689045778
0.9156075270667541
0.8593618334062315
0.5456457253398439
0.01325665830882197
-0.7362325980541227
-1.00202765772777
-1.0729266362491077
-0.6907918494112942
-0.14691923856875183
0.5902771896539549
1.0060374711135776
1.0936384274519109
0.6451322906112209
-0.1105584785458108
-0.46961602999474816
-0.9336146004146255
-0.9396058632952162
-0.5578288316987368
-0.048475874894738244
1.0607059040293858
1.837525772197854
1.875346019563328
1.0889829098748838
-0.021860646489341627
-1.2158387119146625
-1.927166226229672
-1.939719776507835
-1.1265094276956376
-0.038100611067040005
1.182491326278317
1.9241746528228236
1.9567541595799944
1.0904835987063084
-0.13543032614241268
-1.2490463293594898
-1.7865218274196537
-1.9896997676284742
-1.158192423899478
-0.037701427594948066
1.1838247836955609
1.7739172306898934
1.94430871293295
1.2117933809252959
-0.014272733873136476
-1.2890559325172932
-1.9364388689251668
-1.7768149687791328
-1.3017777576394722
-0.04281157387606161
1.1177932086876892
1.9671380949459887
1.7888948692330675
1.041570503213628
0.09346225976037928
-1.2284253611097635
-1.8491012653179628
-1.8695704179329151
-1.1430042990992713
-0.021021480937455803
0.5092741353770478
0.8568227643241394
1.0443827575367188
0.5048432705192099
0.013565592006998747
-0.4654695183491382
-0.955878047634982
-0.8047551566492483
-0.6751445087784358
0.10953590773574896
0.6391736030725448
1.0742712965936867
1.0408112966876752
0.6182248054687209
-0.0976789615246473
-0.549673980534483
-0.9647529043499463
-1.0008400973442024
-0.5195178494384143
-0.12552465571922566
0.6368754194521966
0.8733948011541275
0.9344454918248681
0.46091874988691317
-0.10710743233896762
-0.6105143196123932
-0.8954917457452208
-0.9059273125658268
-0.7282001916545545
0.0347623842789376
1.2802156770388455
2.0511528113485626
1.8395432071228905
1.283466401893552
-0.03822040788418684
-1.2760908501128492
-1.907297010425533
-1.9554938476414603
-1.1203427927315643
-0.03355366967086372
1.098134186715981
1.8785575062670445
2.0352446744812016
1.1191091783225897
-0.10242388718628985
-1.2889513035963958
-2.024397924713477
-1.8933603251431947
-1.2009237923021359
0.14255010926141892
1.0392538088075367
1.9199235657792622
2.0035212370613813
1.0955217569445836
-0.07913965131013283
-1.2698623641210542
-1.890284929011595
-1.9001150740188262
-1.1457800320458502
0.06415176084548176
0.5844191002414125
1.0532843334922148
0.822993443321429
0.7365194378511601
0.02771459034238363
-0.6059658936897491
-1.0522792589378114
-0.8123904099092367
-0.6694575660533802
0.12963031709159134
1.1870000003576926
1.9433338013356176
1.9162186719326983
1.2389675066923471
0.06076340535537104
-1.1895785703524746
-1.963298501755703
-1.8096680325582408
-1.0437663638332701
